Date,Time,Station Number,Depth,Salinity,Temperature
MM/DD/YYYY,24 hr.,,[meters],[psu],[°C]
 11/18/2015,0645,18.0,1.0,30.22,14.45
 11/18/2015,0645,18.0,2.0,31.10,14.31
 11/18/2015,0645,18.0,3.0,31.76,14.23
 11/18/2015,0645,18.0,4.0,31.91,14.22
 11/18/2015,0645,18.0,5.0,32.01,14.21
 11/18/2015,0645,18.0,6.0,32.06,14.21
 11/18/2015,0645,18.0,7.0,32.08,14.21
 11/18/2015,0645,18.0,8.0,32.08,14.21
 11/18/2015,0645,18.0,9.0,32.09,14.21
 11/18/2015,0645,18.0,10.0,32.09,14.21
 11/18/2015,0645,18.0,11.0,32.09,14.21
 11/18/2015,0645,18.0,12.0,32.09,14.20
 11/18/2015,0645,18.0,13.0,32.10,14.20
 11/18/2015,0645,18.0,14.0,32.10,14.20
 11/18/2015,0645,18.0,15.0,32.10,14.21
 11/18/2015,0645,18.0,16.0,32.10,14.21
 11/18/2015,0645,18.0,17.0,32.10,14.20
 11/18/2015,0645,18.0,18.0,32.10,14.20
 11/18/2015,0645,18.0,19.0,32.10,14.20
 11/18/2015,0645,18.0,20.0,32.11,14.20
 11/18/2015,0645,18.0,21.0,32.11,14.19
 11/18/2015,0645,18.0,22.0,32.11,14.19
 11/18/2015,0645,18.0,23.0,32.11,14.19
 11/18/2015,0645,18.0,24.0,32.12,14.19
 11/18/2015,0645,18.0,25.0,32.12,14.19
 11/18/2015,0645,18.0,26.0,32.12,14.19
 11/18/2015,0645,18.0,27.0,32.12,14.20
 11/18/2015,0645,18.0,28.0,32.12,14.20
 11/18/2015,0645,18.0,29.0,32.12,14.20
 11/18/2015,0645,18.0,30.0,32.12,14.20
 11/18/2015,0645,18.0,31.0,32.12,14.20
 11/18/2015,0645,18.0,32.0,32.13,14.20
 11/18/2015,0645,18.0,33.0,32.12,14.20
 11/18/2015,0645,18.0,34.0,32.13,14.19
 11/18/2015,0645,18.0,35.0,32.13,14.19
 11/18/2015,0645,18.0,36.0,32.13,14.19
 11/18/2015,0645,18.0,37.0,32.14,14.19
 11/18/2015,0645,18.0,38.0,32.14,14.19
 11/18/2015,0645,18.0,39.0,32.14,14.19
 11/18/2015,0645,18.0,40.0,32.15,14.19
 11/18/2015,0645,18.0,41.0,32.15,14.18
 11/18/2015,0645,18.0,42.0,32.15,14.18
 11/18/2015,0705,17.0,1.0,31.30,14.35
 11/18/2015,0705,17.0,2.0,31.30,14.35
 11/18/2015,0705,17.0,3.0,31.64,14.35
 11/18/2015,0705,17.0,4.0,31.73,14.32
 11/18/2015,0705,17.0,5.0,31.78,14.31
 11/18/2015,0705,17.0,6.0,31.90,14.27
 11/18/2015,0705,17.0,7.0,31.97,14.26
 11/18/2015,0705,17.0,8.0,32.00,14.25
 11/18/2015,0705,17.0,9.0,32.01,14.25
 11/18/2015,0705,17.0,10.0,32.01,14.25
 11/18/2015,0705,17.0,11.0,32.01,14.25
 11/18/2015,0705,17.0,12.0,32.02,14.25
 11/18/2015,0705,17.0,13.0,32.02,14.25
 11/18/2015,0705,17.0,14.0,32.02,14.25
 11/18/2015,0719,16.0,2.0,31.60,14.40
 11/18/2015,0719,16.0,3.0,31.59,14.41
 11/18/2015,0719,16.0,4.0,31.60,14.41
 11/18/2015,0719,16.0,5.0,31.60,14.41
 11/18/2015,0719,16.0,6.0,31.61,14.41
 11/18/2015,0719,16.0,7.0,31.62,14.41
 11/18/2015,0719,16.0,8.0,31.63,14.40
 11/18/2015,0719,16.0,9.0,31.64,14.40
 11/18/2015,0719,16.0,10.0,31.64,14.40
 11/18/2015,0719,16.0,11.0,31.64,14.39
 11/18/2015,0719,16.0,12.0,31.64,14.39
 11/18/2015,0719,16.0,13.0,31.64,14.39
 11/18/2015,0735,15.0,1.0,28.70,14.20
 11/18/2015,0735,15.0,2.0,28.70,14.20
 11/18/2015,0735,15.0,3.0,29.31,14.28
 11/18/2015,0735,15.0,4.0,29.64,14.33
 11/18/2015,0735,15.0,5.0,29.90,14.36
 11/18/2015,0735,15.0,6.0,30.14,14.40
 11/18/2015,0735,15.0,7.0,30.28,14.41
 11/18/2015,0735,15.0,8.0,30.36,14.42
 11/18/2015,0735,15.0,9.0,30.38,14.42
 11/18/2015,0735,15.0,10.0,30.38,14.42
 11/18/2015,0735,15.0,11.0,30.44,14.43
 11/18/2015,0735,15.0,12.0,30.52,14.44
 11/18/2015,0735,15.0,13.0,30.56,14.44
 11/18/2015,0735,15.0,14.0,30.58,14.45
 11/18/2015,0735,15.0,15.0,30.62,14.44
 11/18/2015,0735,15.0,16.0,30.65,14.44
 11/18/2015,0735,15.0,17.0,30.67,14.43
 11/18/2015,0735,15.0,18.0,30.68,14.43
 11/18/2015,0735,15.0,19.0,30.69,14.42
 11/18/2015,0735,15.0,20.0,30.71,14.42
 11/18/2015,0735,15.0,21.0,30.73,14.42
 11/18/2015,0735,15.0,22.0,30.73,14.42
 11/18/2015,0735,15.0,23.0,30.73,14.42
 11/18/2015,0735,15.0,24.0,30.75,14.42
 11/18/2015,0750,14.0,2.0,28.44,14.14
 11/18/2015,0750,14.0,3.0,28.79,14.29
 11/18/2015,0750,14.0,4.0,29.27,14.34
 11/18/2015,0750,14.0,5.0,29.34,14.35
 11/18/2015,0750,14.0,6.0,29.36,14.35
 11/18/2015,0750,14.0,7.0,29.40,14.36
 11/18/2015,0750,14.0,8.0,29.41,14.36
 11/18/2015,0750,14.0,9.0,29.43,14.36
 11/18/2015,0750,14.0,10.0,29.42,14.36
 11/18/2015,0750,14.0,11.0,29.42,14.36
 11/18/2015,0750,14.0,12.0,29.47,14.36
 11/18/2015,0750,14.0,13.0,29.47,14.36
 11/18/2015,0750,14.0,14.0,29.48,14.36
 11/18/2015,0750,14.0,15.0,29.50,14.36
 11/18/2015,0750,14.0,16.0,29.52,14.36
 11/18/2015,0806,13.0,2.0,27.91,14.21
 11/18/2015,0806,13.0,3.0,28.00,14.21
 11/18/2015,0806,13.0,4.0,28.13,14.20
 11/18/2015,0806,13.0,5.0,28.17,14.21
 11/18/2015,0806,13.0,6.0,28.23,14.26
 11/18/2015,0806,13.0,7.0,28.26,14.29
 11/18/2015,0806,13.0,8.0,28.28,14.30
 11/18/2015,0806,13.0,9.0,28.29,14.31
 11/18/2015,0806,13.0,10.0,28.29,14.31
 11/18/2015,0823,12.0,1.0,23.82,14.13
 11/18/2015,0823,12.0,2.0,23.82,14.13
 11/18/2015,0823,12.0,3.0,26.44,14.24
 11/18/2015,0823,12.0,4.0,27.68,14.32
 11/18/2015,0823,12.0,5.0,27.74,14.32
 11/18/2015,0823,12.0,6.0,27.78,14.32
 11/18/2015,0823,12.0,7.0,27.81,14.32
 11/18/2015,0823,12.0,8.0,27.83,14.32
 11/18/2015,0823,12.0,9.0,27.83,14.32
 11/18/2015,0835,11.0,2.0,24.82,14.15
 11/18/2015,0835,11.0,3.0,24.90,14.15
 11/18/2015,0835,11.0,4.0,25.11,14.18
 11/18/2015,0835,11.0,5.0,25.49,14.21
 11/18/2015,0835,11.0,6.0,25.97,14.26
 11/18/2015,0835,11.0,7.0,26.16,14.26
 11/18/2015,0835,11.0,8.0,26.22,14.24
 11/18/2015,0835,11.0,9.0,26.27,14.24
 11/18/2015,0835,11.0,10.0,26.29,14.24
 11/18/2015,0835,11.0,11.0,26.32,14.24
 11/18/2015,0835,11.0,12.0,26.36,14.23
 11/18/2015,0835,11.0,13.0,26.39,14.24
 11/18/2015,0835,11.0,14.0,26.41,14.25
 11/18/2015,0835,11.0,15.0,26.42,14.25
 11/18/2015,0835,11.0,16.0,26.46,14.27
 11/18/2015,0835,11.0,17.0,26.48,14.27
 11/18/2015,0835,11.0,18.0,26.51,14.28
 11/18/2015,0835,11.0,19.0,26.51,14.28
 11/18/2015,0835,11.0,20.0,26.51,14.28
 11/18/2015,0835,11.0,21.0,26.52,14.28
 11/18/2015,0835,11.0,22.0,26.52,14.28
 11/18/2015,0851,10.0,1.0,22.98,13.97
 11/18/2015,0851,10.0,2.0,22.99,13.97
 11/18/2015,0851,10.0,3.0,23.04,13.99
 11/18/2015,0851,10.0,4.0,23.07,14.03
 11/18/2015,0851,10.0,5.0,23.11,14.05
 11/18/2015,0851,10.0,6.0,23.15,14.06
 11/18/2015,0851,10.0,7.0,23.20,14.06
 11/18/2015,0851,10.0,8.0,23.30,14.07
 11/18/2015,0851,10.0,9.0,23.45,14.07
 11/18/2015,0851,10.0,10.0,23.56,14.09
 11/18/2015,0851,10.0,11.0,23.71,14.11
 11/18/2015,0851,10.0,12.0,23.84,14.12
 11/18/2015,0851,10.0,13.0,24.02,14.15
 11/18/2015,0851,10.0,14.0,24.05,14.15
 11/18/2015,0851,10.0,15.0,24.06,14.16
 11/18/2015,0851,10.0,16.0,24.06,14.16
 11/18/2015,0902,9.0,1.0,19.40,14.03
 11/18/2015,0902,9.0,2.0,19.40,14.03
 11/18/2015,0902,9.0,3.0,20.31,14.11
 11/18/2015,0902,9.0,4.0,20.62,14.12
 11/18/2015,0902,9.0,5.0,20.76,14.11
 11/18/2015,0902,9.0,6.0,20.84,14.10
 11/18/2015,0902,9.0,7.0,21.10,14.10
 11/18/2015,0902,9.0,8.0,21.47,14.12
 11/18/2015,0902,9.0,9.0,21.85,14.17
 11/18/2015,0902,9.0,10.0,21.99,14.18
 11/18/2015,0902,9.0,11.0,22.18,14.19
 11/18/2015,0902,9.0,12.0,22.31,14.19
 11/18/2015,0902,9.0,13.0,22.36,14.19
 11/18/2015,0902,9.0,14.0,22.45,14.19
 11/18/2015,0902,9.0,15.0,22.58,14.18
 11/18/2015,0902,9.0,16.0,22.59,14.17
 11/18/2015,0902,9.0,17.0,22.62,14.17
 11/18/2015,0902,9.0,18.0,22.64,14.17
 11/18/2015,0902,9.0,19.0,22.64,14.17
 11/18/2015,0902,9.0,20.0,22.65,14.17
 11/18/2015,0902,9.0,21.0,22.65,14.17
 11/18/2015,0902,9.0,22.0,22.71,14.16
 11/18/2015,0902,9.0,23.0,22.75,14.15
 11/18/2015,0902,9.0,24.0,22.77,14.14
 11/18/2015,0902,9.0,25.0,22.78,14.14
 11/18/2015,0914,8.0,2.0,20.74,14.16
 11/18/2015,0914,8.0,3.0,20.81,14.12
 11/18/2015,0914,8.0,4.0,20.84,14.10
 11/18/2015,0914,8.0,5.0,20.86,14.09
 11/18/2015,0914,8.0,6.0,20.91,14.09
 11/18/2015,0914,8.0,7.0,21.10,14.12
 11/18/2015,0914,8.0,8.0,21.18,14.13
 11/18/2015,0914,8.0,9.0,21.28,14.13
 11/18/2015,0914,8.0,10.0,21.32,14.14
 11/18/2015,0914,8.0,11.0,21.36,14.14
 11/18/2015,0914,8.0,12.0,21.41,14.15
 11/18/2015,0914,8.0,13.0,21.53,14.15
 11/18/2015,0914,8.0,14.0,21.57,14.15
 11/18/2015,0914,8.0,15.0,21.58,14.15
 11/18/2015,0929,7.0,2.0,17.16,14.02
 11/18/2015,0929,7.0,3.0,17.72,14.06
 11/18/2015,0929,7.0,4.0,18.24,14.10
 11/18/2015,0929,7.0,5.0,18.31,14.10
 11/18/2015,0929,7.0,6.0,18.37,14.10
 11/18/2015,0929,7.0,7.0,18.44,14.10
 11/18/2015,0929,7.0,8.0,18.59,14.10
 11/18/2015,0929,7.0,9.0,18.73,14.11
 11/18/2015,0929,7.0,10.0,18.77,14.11
 11/18/2015,0929,7.0,11.0,18.80,14.12
 11/18/2015,0929,7.0,12.0,18.88,14.12
 11/18/2015,0929,7.0,13.0,18.97,14.14
 11/18/2015,0929,7.0,14.0,19.01,14.15
 11/18/2015,0944,6.0,2.0,13.99,13.74
 11/18/2015,0944,6.0,3.0,14.99,13.87
 11/18/2015,0944,6.0,4.0,15.15,13.89
 11/18/2015,0944,6.0,5.0,15.43,13.91
 11/18/2015,0944,6.0,6.0,15.46,13.91
 11/18/2015,0944,6.0,7.0,15.47,13.91
 11/18/2015,0944,6.0,8.0,15.48,13.92
 11/18/2015,0944,6.0,9.0,15.52,13.93
 11/18/2015,0944,6.0,10.0,15.60,13.93
 11/18/2015,0944,6.0,11.0,15.63,13.94
 11/18/2015,0956,5.0,2.0,11.18,13.60
 11/18/2015,0956,5.0,3.0,11.81,13.56
 11/18/2015,0956,5.0,4.0,12.81,13.76
 11/18/2015,0956,5.0,5.0,13.01,13.77
 11/18/2015,0956,5.0,6.0,13.17,13.77
 11/18/2015,0956,5.0,7.0,13.40,13.79
 11/18/2015,0956,5.0,8.0,13.55,13.80
 11/18/2015,0956,5.0,9.0,13.59,13.80
 11/18/2015,0956,5.0,10.0,13.62,13.80
 11/18/2015,0956,5.0,11.0,13.63,13.80
 11/18/2015,1008,4.0,2.0,8.81,13.71
 11/18/2015,1008,4.0,3.0,8.92,13.70
 11/18/2015,1008,4.0,4.0,9.44,13.75
 11/18/2015,1008,4.0,5.0,10.34,13.75
 11/18/2015,1008,4.0,6.0,10.74,13.71
 11/18/2015,1008,4.0,7.0,10.95,13.68
 11/18/2015,1008,4.0,8.0,11.00,13.69
 11/18/2015,1008,4.0,9.0,11.07,13.71
 11/18/2015,1008,4.0,10.0,11.21,13.75
 11/18/2015,1008,4.0,11.0,11.38,13.76
 11/18/2015,1008,4.0,12.0,11.47,13.77
 11/18/2015,1008,4.0,13.0,11.54,13.77
 11/18/2015,1008,4.0,14.0,11.55,13.77
 11/18/2015,1008,4.0,15.0,11.61,13.77
 11/18/2015,1008,4.0,16.0,11.62,13.78
 11/18/2015,1008,4.0,17.0,11.61,13.78
 11/18/2015,1023,3.0,1.0,8.98,13.86
 11/18/2015,1023,3.0,2.0,9.07,13.83
 11/18/2015,1023,3.0,3.0,9.53,13.79
 11/18/2015,1023,3.0,4.0,9.65,13.79
 11/18/2015,1023,3.0,5.0,9.74,13.79
 11/18/2015,1023,3.0,6.0,9.75,13.79
 11/18/2015,1023,3.0,7.0,9.76,13.79
 11/18/2015,1023,3.0,8.0,9.76,13.79
 11/18/2015,1023,3.0,9.0,9.77,13.79
 11/18/2015,1032,2.0,1.0,7.79,13.87
 11/18/2015,1032,2.0,2.0,7.80,13.87
 11/18/2015,1032,2.0,3.0,7.89,13.85
 11/18/2015,1032,2.0,4.0,7.90,13.85
 11/18/2015,1032,2.0,5.0,7.98,13.84
 11/18/2015,1032,2.0,6.0,8.12,13.83
 11/18/2015,1032,2.0,7.0,8.22,13.83
 11/18/2015,1032,2.0,8.0,8.33,13.82
 11/18/2015,1032,2.0,9.0,8.39,13.82
 11/18/2015,1032,2.0,10.0,8.41,13.81
 11/18/2015,1032,2.0,11.0,8.43,13.81
 11/18/2015,1032,2.0,12.0,8.45,13.81
 11/18/2015,1032,2.0,13.0,8.48,13.80
 11/18/2015,1032,2.0,14.0,8.55,13.80
 11/18/2015,1032,2.0,15.0,8.58,13.80
 11/18/2015,1032,2.0,16.0,8.59,13.80
 11/18/2015,1032,2.0,17.0,8.59,13.80
 11/18/2015,1032,2.0,18.0,8.59,13.80
 11/18/2015,1048,649.0,1.0,5.35,13.93
 11/18/2015,1048,649.0,2.0,5.38,13.92
 11/18/2015,1048,649.0,3.0,5.61,13.88
 11/18/2015,1048,649.0,4.0,5.65,13.88
 11/18/2015,1048,649.0,5.0,5.65,13.88
 11/18/2015,1048,649.0,6.0,5.67,13.88
 11/18/2015,1048,649.0,7.0,5.87,13.89
 11/18/2015,1048,649.0,8.0,5.96,13.89
 11/18/2015,1048,649.0,9.0,5.97,13.89
 11/18/2015,1048,649.0,10.0,5.97,13.89
 11/18/2015,1048,649.0,11.0,5.97,13.90
 11/18/2015,1109,653.0,2.0,2.92,13.70
 11/18/2015,1109,653.0,3.0,2.93,13.71
 11/18/2015,1109,653.0,4.0,2.97,13.74
 11/18/2015,1109,653.0,5.0,2.99,13.76
 11/18/2015,1109,653.0,6.0,3.00,13.77
 11/18/2015,1109,653.0,7.0,3.02,13.78
 11/18/2015,1109,653.0,8.0,3.03,13.79
 11/18/2015,1109,653.0,9.0,3.04,13.80
 11/18/2015,1109,653.0,10.0,3.04,13.80
 11/18/2015,1126,657.0,2.0,0.60,13.36
 11/18/2015,1126,657.0,3.0,0.72,13.41
 11/18/2015,1126,657.0,4.0,0.78,13.43
 11/18/2015,1126,657.0,5.0,0.83,13.43
 11/18/2015,1126,657.0,6.0,0.89,13.44
 11/18/2015,1126,657.0,7.0,0.93,13.43
 11/18/2015,1126,657.0,8.0,0.96,13.42
 11/18/2015,1126,657.0,9.0,0.96,13.42
